Program:
Mov 4 1
Cmp 1 3
CMovG 1 3
CMovG 3 4
Mov 4 2
Cmp 3 4
CMovL 2 3
CMovL 3 4
Cmp 1 2
CMovG 2 1
CMovG 1 4

Step: 1
1 2 3 0   
1 3 2 0   
2 1 3 0   
2 3 1 0   
3 1 2 0   
3 2 1 0   
Run : Mov 4 1

Step: 2
1 2 3 1   
1 3 2 1   
2 1 3 2   
2 3 1 2   
3 1 2 3   
3 2 1 3   
Run : Cmp 1 3

Step: 3
1 2 3 1 < 
1 3 2 1 < 
2 1 3 2 < 
2 3 1 2  >
3 1 2 3  >
3 2 1 3  >
Run : CMovG 1 3

Step: 4
1 2 3 1 < 
1 3 2 1 < 
2 1 3 2 < 
1 3 1 2  >
2 1 2 3  >
1 2 1 3  >
Run : CMovG 3 4

Step: 5
1 2 3 1 < 
1 3 2 1 < 
2 1 3 2 < 
1 3 2 2  >
2 1 3 3  >
1 2 3 3  >
Run : Mov 4 2

Step: 6
1 2 3 2 < 
1 3 2 3 < 
2 1 3 1 < 
1 3 2 3  >
2 1 3 1  >
1 2 3 2  >
Run : Cmp 3 4

Step: 7
1 2 3 2  >
1 3 2 3 < 
2 1 3 1  >
1 3 2 3 < 
2 1 3 1  >
1 2 3 2  >
Run : CMovL 2 3

Step: 8
1 2 3 2  >
1 2 2 3 < 
2 1 3 1  >
1 2 2 3 < 
2 1 3 1  >
1 2 3 2  >
Run : CMovL 3 4

Step: 9
1 2 3 2  >
1 2 3 3 < 
2 1 3 1  >
1 2 3 3 < 
2 1 3 1  >
1 2 3 2  >
Run : Cmp 1 2

Step: 10
1 2 3 2 < 
1 2 3 3 < 
2 1 3 1  >
1 2 3 3 < 
2 1 3 1  >
1 2 3 2 < 
Run : CMovG 2 1

Step: 11
1 2 3 2 < 
1 2 3 3 < 
2 2 3 1  >
1 2 3 3 < 
2 2 3 1  >
1 2 3 2 < 
Run : CMovG 1 4

Step: 12
1 2 3 2 < 
1 2 3 3 < 
1 2 3 1  >
1 2 3 3 < 
1 2 3 1  >
1 2 3 2 < 

----------

real    0m5,278s
user    0m5,097s
sys     0m0,071s