11 step solution

Cmp 1 3
Mov 4 3
CMovG 3 1
CMovL 4 1
CMovL 1 3
Cmp 2 3
CMovG 1 2
CMovL 3 2
Cmp 3 4
CMovG 2 4
CMovL 3 4

Step: 1
1 2 3 0
1 3 2 0
2 1 3 0
2 3 1 0
3 1 2 0
3 2 1 0
Run : Cmp 1 3

Step: 2
1 2 3 0 <
1 3 2 0 <
2 1 3 0 <
2 3 1 0  >
3 1 2 0  >
3 2 1 0  >
Run : Mov 4 3

Step: 3
1 2 3 3 <
1 3 2 2 <
2 1 3 3 <
2 3 1 1  >
3 1 2 2  >
3 2 1 1  >
Run : CMovG 3 1

Step: 4
1 2 3 3 <
1 3 2 2 <
2 1 3 3 <
2 3 2 1  >
3 1 3 2  >
3 2 3 1  >
Run : CMovL 4 1

Step: 5
1 2 3 1 <
1 3 2 1 <
2 1 3 2 <
2 3 2 1  >
3 1 3 2  >
3 2 3 1  >
Run : CMovL 1 3

Step: 6
3 2 3 1 <
2 3 2 1 <
3 1 3 2 <
2 3 2 1  >
3 1 3 2  >
3 2 3 1  >
Run : Cmp 2 3

Step: 7
3 2 3 1 <
2 3 2 1  >
3 1 3 2 <
2 3 2 1  >
3 1 3 2 <
3 2 3 1 <
Run : CMovG 1 2

Step: 8
3 2 3 1 <
3 3 2 1  >
3 1 3 2 <
3 3 2 1  >
3 1 3 2 <
3 2 3 1 <
Run : CMovL 3 2

Step: 9
3 2 2 1 <
3 3 2 1  >
3 1 1 2 <
3 3 2 1  >
3 1 1 2 <
3 2 2 1 <
Run : Cmp 3 4

Step: 10
3 2 2 1  >
3 3 2 1  >
3 1 1 2 <
3 3 2 1  >
3 1 1 2 <
3 2 2 1  >
Run : CMovG 2 4

Step: 11
3 1 2 1  >
3 1 2 1  >
3 1 1 2 <
3 1 2 1  >
3 1 1 2 <
3 1 2 1  >
Run : CMovL 3 4

Step: 12
3 1 2 1  >
3 1 2 1  >
3 1 2 2 <
3 1 2 1  >
3 1 2 2 <
3 1 2 1  >
