Mov 4 1
Cmp 2 4
CMovG 4 2
CMovL 1 2
Mov 2 1
Cmp 2 3
CMovL 1 3
CMovG 2 3
Cmp 3 4
CMovL 3 4
CMovG 1 4

Step: 1
1 2 3 0   
1 3 2 0   
2 1 3 0   
2 3 1 0   
3 1 2 0   
3 2 1 0   
Run : Mov 4 1

Step: 2
1 2 3 1   
1 3 2 1   
2 1 3 2   
2 3 1 2   
3 1 2 3   
3 2 1 3   
Run : Cmp 2 4

Step: 3
1 2 3 1  >
1 3 2 1  >
2 1 3 2 < 
2 3 1 2  >
3 1 2 3 < 
3 2 1 3 < 
Run : CMovG 4 2

Step: 4
1 2 3 2  >
1 3 2 3  >
2 1 3 2 < 
2 3 1 3  >
3 1 2 3 < 
3 2 1 3 < 
Run : CMovL 1 2

Step: 5
1 2 3 2  >
1 3 2 3  >
1 1 3 2 < 
2 3 1 3  >
1 1 2 3 < 
2 2 1 3 < 
Run : Mov 2 1

Step: 6
1 1 3 2  >
1 1 2 3  >
1 1 3 2 < 
2 2 1 3  >
1 1 2 3 < 
2 2 1 3 < 
Run : Cmp 2 3

Step: 7
1 1 3 2 < 
1 1 2 3 < 
1 1 3 2 < 
2 2 1 3  >
1 1 2 3 < 
2 2 1 3  >
Run : CMovL 1 3

Step: 8
3 1 3 2 < 
2 1 2 3 < 
3 1 3 2 < 
2 2 1 3  >
2 1 2 3 < 
2 2 1 3  >
Run : CMovG 2 3

Step: 9
3 1 3 2 < 
2 1 2 3 < 
3 1 3 2 < 
2 1 1 3  >
2 1 2 3 < 
2 1 1 3  >
Run : Cmp 3 4

Step: 10
3 1 3 2  >
2 1 2 3 < 
3 1 3 2  >
2 1 1 3 < 
2 1 2 3 < 
2 1 1 3 < 
Run : CMovL 3 4

Step: 11
3 1 3 2  >
2 1 3 3 < 
3 1 3 2  >
2 1 3 3 < 
2 1 3 3 < 
2 1 3 3 < 
Run : CMovG 1 4

Step: 12
2 1 3 2  >
2 1 3 3 < 
2 1 3 2  >
2 1 3 3 < 
2 1 3 3 < 
2 1 3 3 < 

----------
==========
% [X_INTRODUCED_468_ > 5]
